Rregion,new_deaths,cumulative_deaths
East Of England,0,0
East Of England,0,0
East Of England,1,1
East Of England,0,1
East Of England,0,1
East Of England,0,1
East Of England,1,2
East Of England,0,2
East Of England,0,2
East Of England,1,3
East Of England,0,3
East Of England,0,3
East Of England,0,3
East Of England,1,4
East Of England,2,6
East Of England,2,8
East Of England,1,9
East Of England,1,10
East Of England,5,15
East Of England,4,19
East Of England,2,21
East Of England,11,32
East Of England,12,44
East Of England,11,55
East Of England,19,74
East Of England,26,100
East Of England,36,136
East Of England,38,174
East Of England,28,202
East Of England,43,245
East Of England,47,292
East Of England,70,362
East Of England,63,425
East Of England,65,490
East Of England,80,570
East Of England,71,641
East Of England,76,717
East Of England,71,788
East Of England,93,881
East Of England,111,992
East Of England,87,1079
East Of England,74,1153
East Of England,92,1245
East Of England,100,1345
East Of England,78,1423
East Of England,61,1484
East Of England,82,1566
East Of England,74,1640
East Of England,86,1726
East Of England,64,1790
East Of England,67,1857
East Of England,67,1924
East Of England,75,1999
East Of England,67,2066
East Of England,49,2115
East Of England,70,2185
East Of England,55,2240
East Of England,52,2292
East Of England,49,2341
East Of England,66,2407
East Of England,38,2445
East Of England,50,2495
East Of England,55,2550
East Of England,33,2583
East Of England,44,2627
East Of England,23,2650
East Of England,40,2690
East Of England,39,2729
East Of England,36,2765
East Of England,37,2802
East Of England,30,2832
East Of England,28,2860
East Of England,23,2883
East Of England,23,2906
East Of England,32,2938
East Of England,30,2968
East Of England,21,2989
East Of England,27,3016
East Of England,22,3038
East Of England,27,3065
East Of England,22,3087
East Of England,26,3113
East Of England,24,3137
East Of England,21,3158
East Of England,16,3174
East Of England,19,3193
East Of England,25,3218
East Of England,18,3236
East Of England,16,3252
East Of England,17,3269
East Of England,19,3288
East Of England,13,3301
East Of England,11,3312
East Of England,18,3330
East Of England,16,3346
East Of England,12,3358
East Of England,7,3365
East Of England,17,3382
East Of England,6,3388
East Of England,9,3397
East Of England,8,3405
East Of England,10,3415
East Of England,10,3425
East Of England,1,3426
East Of England,9,3435
East Of England,6,3441
East Of England,5,3446
East Of England,10,3456
East Of England,3,3459
East Of England,8,3467
East Of England,6,3473
East Of England,7,3480
East Of England,5,3485
East Of England,5,3490
East Of England,7,3497
East Of England,9,3506
East Of England,4,3510
East Of England,2,3512
East Of England,9,3521
East Of England,7,3528
East Of England,8,3536
East Of England,5,3541
East Of England,8,3549
East Of England,3,3552
East Of England,5,3557
East Of England,1,3558
East Of England,5,3563
East Of England,2,3565
East Of England,2,3567
East Of England,3,3570
East Of England,3,3573
East Of England,9,3582
East Of England,6,3588
East Of England,2,3590
East Of England,2,3592
East Of England,9,3601
East Of England,3,3604
East Of England,3,3607
East Of England,1,3608
East Of England,0,3608
East Of England,0,3608
East Of England,1,3609
East Of England,1,3610
East Of England,1,3611
East Of England,3,3614
East Of England,2,3616
East Of England,1,3617
East Of England,1,3618
East Of England,1,3619
East Of England,1,3620
East Of England,2,3622
East Of England,1,3623
East Of England,1,3624
East Of England,2,3626
East Of England,0,3626
East Of England,0,3626
East Of England,0,3626
East Of England,2,3628
East Of England,1,3629
East Of England,1,3630
East Of England,1,3631
East Of England,0,3631
East Of England,1,3632
East Of England,1,3633
East Of England,2,3635
East Of England,1,3636
East Of England,1,3637
East Of England,1,3638
East Of England,3,3641
East Of England,0,3641
East Of England,0,3641
East Of England,3,3644
East Of England,2,3646
East Of England,1,3647
East Of England,0,3647
East Of England,2,3649
East Of England,1,3650
East Of England,0,3650
East Of England,0,3650
East Of England,3,3653
East Of England,1,3654
East Of England,0,3654
East Of England,1,3655
East Of England,0,3655
East Of England,0,3655
East Of England,0,3655
East Of England,0,3655
East Of England,1,3656
East Of England,1,3657
East Of England,0,3657
East Of England,1,3658
East Of England,0,3658
East Of England,1,3659
East Of England,0,3659
East Of England,1,3660
East Of England,0,3660
East Of England,0,3660
East Of England,1,3661
East Of England,1,3662
East Of England,0,3662
East Of England,0,3662
East Of England,1,3663
East Of England,0,3663
East Of England,1,3664
East Of England,2,3666
East Of England,0,3666
East Of England,2,3668
East Of England,1,3669
East Of England,0,3669
East Of England,1,3670
East Of England,1,3671
East Of England,2,3673
East Of England,2,3675
East Of England,2,3677
East Of England,3,3680
East Of England,2,3682
East Of England,1,3683
East Of England,1,3684
East Of England,0,3684
East Of England,0,3684
East Of England,4,3688
East Of England,6,3694
East Of England,3,3697
East Of England,2,3699
East Of England,6,3705
East Of England,3,3708
East Of England,2,3710
East Of England,1,3711
East Of England,3,3714
East Of England,4,3718
East Of England,5,3723
East Of England,6,3729
East Of England,8,3737
East Of England,5,3742
East Of England,9,3751
East Of England,8,3759
East Of England,8,3767
East Of England,15,3782
East Of England,1,3783
East Of England,11,3794
East Of England,10,3804
East Of England,8,3812
East Of England,12,3824
East Of England,10,3834
East Of England,12,3846
East Of England,15,3861
East Of England,15,3876
East Of England,11,3887
East Of England,14,3901
East Of England,12,3913
East Of England,13,3926
East Of England,19,3945
East Of England,10,3955
East Of England,13,3968
East Of England,16,3984
East Of England,29,4013
East Of England,15,4028
East Of England,14,4042
East Of England,23,4065
East Of England,20,4085
East Of England,16,4101
East Of England,13,4114
East Of England,19,4133
East Of England,19,4152
East Of England,28,4180
East Of England,25,4205
East Of England,21,4226
East Of England,23,4249
East Of England,19,4268
East Of England,21,4289
East Of England,20,4309
East Of England,19,4328
East Of England,15,4343
East Of England,28,4371
East Of England,20,4391
East Of England,24,4415
East Of England,27,4442
East Of England,20,4462
East Of England,24,4486
East Of England,27,4513
East Of England,26,4539
East Of England,23,4562
East Of England,17,4579
East Of England,28,4607
East Of England,20,4627
East Of England,33,4660
East Of England,33,4693
East Of England,27,4720
East Of England,25,4745
East Of England,37,4782
East Of England,37,4819
East Of England,31,4850
East Of England,45,4895
East Of England,46,4941
East Of England,55,4996
East Of England,53,5049
East Of England,68,5117
East Of England,60,5177
East Of England,65,5242
East Of England,64,5306
East Of England,60,5366
East Of England,68,5434
East Of England,54,5488
East Of England,74,5562
East Of England,56,5618
East Of England,82,5700
East Of England,86,5786
East Of England,92,5878
East Of England,71,5949
East Of England,91,6040
East Of England,93,6133
East Of England,111,6244
East Of England,105,6349
East Of England,122,6471
East Of England,103,6574
East Of England,143,6717
East Of England,131,6848
East Of England,131,6979
East Of England,141,7120
East Of England,141,7261
East Of England,131,7392
East Of England,126,7518
East Of England,140,7658
East Of England,146,7804
East Of England,123,7927
East Of England,132,8059
East Of England,154,8213
East Of England,142,8355
East Of England,132,8487
East Of England,111,8598
East Of England,102,8700
East Of England,121,8821
East Of England,96,8917
East Of England,101,9018
East Of England,123,9141
East Of England,101,9242
East Of England,91,9333
East Of England,82,9415
East Of England,71,9486
East Of England,78,9564
East Of England,89,9653
East Of England,86,9739
East Of England,76,9815
East Of England,84,9899
East Of England,65,9964
East Of England,78,10042
East Of England,68,10110
East Of England,62,10172
East Of England,59,10231
East Of England,50,10281
East Of England,52,10333
East Of England,37,10370
East Of England,52,10422
East Of England,52,10474
East Of England,50,10524
East Of England,38,10562
East Of England,36,10598
East Of England,38,10636
East Of England,27,10663
East Of England,28,10691
East Of England,29,10720
East Of England,25,10745
East Of England,27,10772
East Of England,20,10792
East Of England,28,10820
East Of England,19,10839
East Of England,21,10860
East Of England,22,10882
East Of England,15,10897
East Of England,24,10921
East Of England,15,10936
East Of England,15,10951
East Of England,21,10972
East Of England,17,10989
East Of England,16,11005
East Of England,11,11016
East Of England,15,11031
East Of England,8,11039
East Of England,12,11051
East Of England,7,11058
East Of England,8,11066
East Of England,8,11074
East Of England,14,11088
East Of England,4,11092
East Of England,6,11098
East Of England,7,11105
East Of England,10,11115
East Of England,5,11120
East Of England,8,11128
East Of England,6,11134
East Of England,6,11140
East Of England,4,11144
East Of England,4,11148
East Of England,3,11151
East Of England,6,11157
East Of England,8,11165
East Of England,2,11167
East Of England,5,11172
East Of England,2,11174
East Of England,6,11180
East Of England,5,11185
East Of England,3,11188
East Of England,1,11189
East Of England,4,11193
East Of England,6,11199
East Of England,3,11202
East Of England,8,11210
East Of England,1,11211
East Of England,2,11213
East Of England,5,11218
East Of England,2,11220
East Of England,2,11222
East Of England,5,11227
East Of England,1,11228
East Of England,3,11231
East Of England,1,11232
East Of England,3,11235
East Of England,3,11238
East Of England,0,11238
East Of England,6,11244
East Of England,0,11244
East Of England,4,11248
East Of England,1,11249
East Of England,4,11253
East Of England,3,11256
East Of England,0,11256
East Of England,1,11257
East Of England,0,11257
East Of England,0,11257
East Of England,0,11257
East Of England,1,11258
East Of England,3,11261
East Of England,4,11265
East Of England,0,11265
East Of England,3,11268
East Of England,0,11268
East Of England,0,11268
East Of England,4,11272
East Of England,0,11272
East Of England,1,11273
East Of England,0,11273
East Of England,0,11273
East Of England,2,11275
East Of England,0,11275
East Of England,1,11276
East Of England,0,11276
East Of England,0,11276
East Of England,2,11278
East Of England,0,11278
East Of England,0,11278
East Of England,1,11279
East Of England,0,11279
East Of England,2,11281
East Of England,1,11282
East Of England,0,11282
East Of England,0,11282
East Of England,2,11284
East Of England,1,11285
East Of England,0,11285
East Of England,2,11287
East Of England,0,11287
East Of England,0,11287
East Of England,0,11287
East Of England,0,11287
East Of England,0,11287
East Of England,1,11288
East Of England,0,11288
East Of England,1,11289
East Of England,2,11291
East Of England,1,11292
East Of England,0,11292
East Of England,0,11292
East Of England,1,11293
East Of England,2,11295
East Of England,1,11296
East Of England,1,11297
East Of England,1,11298
East Of England,0,11298
East Of England,1,11299
East Of England,1,11300
East Of England,0,11300
East Of England,0,11300
East Of England,0,11300
East Of England,0,11300
East Of England,2,11302
East Of England,1,11303
East Of England,0,11303
East Of England,1,11304
East Of England,1,11305
East Of England,1,11306
East Of England,1,11307
East Of England,0,11307
East Of England,2,11309
East Of England,0,11309
East Of England,2,11311
East Of England,3,11314
East Of England,3,11317
East Of England,2,11319
East Of England,1,11320
East Of England,2,11322
East Of England,1,11323
East Of England,0,11323
East Of England,2,11325
East Of England,2,11327
East Of England,1,11328
East Of England,3,11331
East Of England,3,11334
East Of England,5,11339
East Of England,1,11340
East Of England,2,11342
East Of England,9,11351
East Of England,7,11358
East Of England,2,11360
East Of England,3,11363
East Of England,6,11369
East Of England,4,11373
East Of England,3,11376
East Of England,4,11380
East Of England,8,11388
East Of England,1,11389
East Of England,6,11395
East Of England,5,11400
East Of England,4,11404
East Of England,1,11405
East Of England,6,11411
East Of England,5,11416
East Of England,7,11423
East Of England,7,11430
East Of England,5,11435
East Of England,3,11438
East Of England,6,11444
East Of England,3,11447
East Of England,7,11454
East Of England,9,11463
East Of England,8,11471
East Of England,7,11478
East Of England,8,11486
East Of England,6,11492
East Of England,8,11500
East Of England,10,11510
East Of England,8,11518
East Of England,8,11526
East Of England,7,11533
East Of England,10,11543
East Of England,15,11558
East Of England,11,11569
East Of England,4,11573
East Of England,11,11584
East Of England,5,11589
East Of England,5,11594
East Of England,5,11599
East Of England,10,11609
East Of England,16,11625
East Of England,12,11637
East Of England,12,11649
East Of England,10,11659
East Of England,11,11670
East Of England,6,11676
East Of England,4,11680
East Of England,7,11687
East Of England,12,11699
East Of England,12,11711
East Of England,6,11717
East Of England,16,11733
East Of England,8,11741
East Of England,13,11754
East Of England,15,11769
East Of England,12,11781
East Of England,14,11795
East Of England,11,11806
East Of England,8,11814
East Of England,10,11824
East Of England,10,11834
East Of England,8,11842
East Of England,4,11846
East Of England,7,11853
East Of England,2,11855
East Of England,9,11864
East Of England,6,11870
East Of England,4,11874
East Of England,8,11882
East Of England,4,11886
East Of England,5,11891
East Of England,3,11894
East Of England,6,11900
East Of England,7,11907
East Of England,6,11913
East Of England,8,11921
East Of England,5,11926
East Of England,5,11931
East Of England,5,11936
East Of England,5,11941
East Of England,5,11946
East Of England,6,11952
East Of England,9,11961
East Of England,9,11970
East Of England,5,11975
East Of England,6,11981
East Of England,16,11997
East Of England,9,12006
East Of England,10,12016
East Of England,10,12026
East Of England,10,12036
East Of England,13,12049
East Of England,14,12063
East Of England,14,12077
East Of England,16,12093
East Of England,11,12104
East Of England,19,12123
East Of England,11,12134
East Of England,13,12147
East Of England,18,12165
East Of England,14,12179
East Of England,17,12196
East Of England,7,12203
East Of England,8,12211
East Of England,8,12219
East Of England,10,12229
East Of England,14,12243
East Of England,14,12257
East Of England,13,12270
East Of England,7,12277
East Of England,10,12287
East Of England,9,12296
East Of England,8,12304
East Of England,14,12318
East Of England,10,12328
East Of England,9,12337
East Of England,12,12349
East Of England,14,12363
East Of England,11,12374
East Of England,9,12383
East Of England,6,12389
East Of England,3,12392
London,0,0
London,0,0
London,0,0
London,0,0
London,0,0
London,0,0
London,1,1
London,0,1
London,0,1
London,1,2
London,0,2
London,5,7
London,6,13
London,10,23
London,13,36
London,9,45
London,15,60
London,23,83
London,28,111
London,25,136
London,44,180
London,49,229
London,54,283
London,63,346
London,86,432
London,112,544
London,130,674
London,130,804
London,123,927
London,145,1072
London,151,1223
London,183,1406
London,202,1608
London,190,1798
London,199,1997
London,231,2228
London,195,2423
London,198,2621
London,220,2841
London,239,3080
London,207,3287
London,171,3458
London,179,3637
London,159,3796
London,166,3962
London,143,4105
London,145,4250
London,140,4390
London,101,4491
London,101,4592
London,104,4696
London,96,4792
London,96,4888
London,109,4997
London,77,5074
London,79,5153
London,67,5220
London,61,5281
London,59,5340
London,50,5390
London,56,5446
London,49,5495
London,47,5542
London,49,5591
London,46,5637
London,37,5674
London,32,5706
London,46,5752
London,43,5795
London,35,5830
London,25,5855
London,30,5885
London,28,5913
London,23,5936
London,18,5954
London,22,5976
London,26,6002
London,17,6019
London,19,6038
London,14,6052
London,16,6068
London,24,6092
London,13,6105
London,12,6117
London,9,6126
London,11,6137
London,10,6147
London,19,6166
London,9,6175
London,10,6185
London,8,6193
London,13,6206
London,9,6215
London,12,6227
London,9,6236
London,6,6242
London,9,6251
London,5,6256
London,3,6259
London,7,6266
London,5,6271
London,6,6277
London,9,6286
London,5,6291
London,5,6296
London,5,6301
London,4,6305
London,1,6306
London,2,6308
London,3,6311
London,2,6313
London,6,6319
London,4,6323
London,4,6327
London,2,6329
London,2,6331
London,4,6335
London,5,6340
London,3,6343
London,1,6344
London,3,6347
London,3,6350
London,3,6353
London,4,6357
London,4,6361
London,3,6364
London,2,6366
London,4,6370
London,2,6372
London,1,6373
London,3,6376
London,4,6380
London,1,6381
London,1,6382
London,1,6383
London,1,6384
London,0,6384
London,2,6386
London,0,6386
London,0,6386
London,2,6388
London,1,6389
London,1,6390
London,3,6393
London,2,6395
London,4,6399
London,1,6400
London,1,6401
London,0,6401
London,1,6402
London,2,6404
London,0,6404
London,1,6405
London,0,6405
London,0,6405
London,4,6409
London,0,6409
London,1,6410
London,0,6410
London,2,6412
London,0,6412
London,0,6412
London,0,6412
London,1,6413
London,2,6415
London,0,6415
London,2,6417
London,1,6418
London,0,6418
London,0,6418
London,1,6419
London,1,6420
London,0,6420
London,2,6422
London,0,6422
London,0,6422
London,1,6423
London,2,6425
London,1,6426
London,0,6426
London,1,6427
London,0,6427
London,0,6427
London,0,6427
London,1,6428
London,0,6428
London,1,6429
London,1,6430
London,0,6430
London,0,6430
London,2,6432
London,0,6432
London,1,6433
London,0,6433
London,4,6437
London,3,6440
London,1,6441
London,0,6441
London,0,6441
London,3,6444
London,2,6446
London,3,6449
London,2,6451
London,6,6457
London,3,6460
London,2,6462
London,6,6468
London,5,6473
London,3,6476
London,1,6477
London,2,6479
London,1,6480
London,4,6484
London,7,6491
London,7,6498
London,5,6503
London,1,6504
London,4,6508
London,2,6510
London,7,6517
London,5,6522
London,7,6529
London,7,6536
London,8,6544
London,3,6547
London,5,6552
London,7,6559
London,6,6565
London,6,6571
London,17,6588
London,7,6595
London,2,6597
London,5,6602
London,12,6614
London,8,6622
London,14,6636
London,12,6648
London,7,6655
London,18,6673
London,12,6685
London,11,6696
London,13,6709
London,23,6732
London,15,6747
London,17,6764
London,7,6771
London,19,6790
London,19,6809
London,13,6822
London,18,6840
London,18,6858
London,13,6871
London,21,6892
London,15,6907
London,28,6935
London,16,6951
London,16,6967
London,16,6983
London,15,6998
London,22,7020
London,18,7038
London,33,7071
London,32,7103
London,24,7127
London,26,7153
London,21,7174
London,22,7196
London,30,7226
London,25,7251
London,30,7281
London,32,7313
London,27,7340
London,31,7371
London,23,7394
London,43,7437
London,22,7459
London,31,7490
London,32,7522
London,29,7551
London,34,7585
London,29,7614
London,26,7640
London,35,7675
London,36,7711
London,29,7740
London,33,7773
London,29,7802
London,37,7839
London,35,7874
London,42,7916
London,52,7968
London,40,8008
London,60,8068
London,49,8117
London,47,8164
London,60,8224
London,62,8286
London,77,8363
London,66,8429
London,66,8495
London,91,8586
London,86,8672
London,99,8771
London,98,8869
London,115,8984
London,112,9096
London,120,9216
London,123,9339
London,143,9482
London,119,9601
London,162,9763
London,154,9917
London,161,10078
London,170,10248
London,148,10396
London,155,10551
London,171,10722
London,174,10896
London,181,11077
London,180,11257
London,174,11431
London,159,11590
London,173,11763
London,181,11944
London,196,12140
London,194,12334
London,168,12502
London,193,12695
London,155,12850
London,151,13001
London,143,13144
London,144,13288
London,134,13422
London,130,13552
London,123,13675
London,107,13782
London,92,13874
London,98,13972
London,93,14065
London,109,14174
London,115,14289
London,72,14361
London,94,14455
London,73,14528
London,82,14610
London,75,14685
London,69,14754
London,77,14831
London,55,14886
London,59,14945
London,57,15002
London,52,15054
London,48,15102
London,59,15161
London,50,15211
London,54,15265
London,50,15315
London,33,15348
London,47,15395
London,39,15434
London,31,15465
London,33,15498
London,32,15530
London,32,15562
London,22,15584
London,18,15602
London,31,15633
London,26,15659
London,17,15676
London,18,15694
London,24,15718
London,23,15741
London,16,15757
London,16,15773
London,17,15790
London,14,15804
London,16,15820
London,9,15829
London,14,15843
London,7,15850
London,12,15862
London,8,15870
London,15,15885
London,10,15895
London,6,15901
London,6,15907
London,11,15918
London,9,15927
London,5,15932
London,10,15942
London,4,15946
London,3,15949
London,6,15955
London,5,15960
London,2,15962
London,5,15967
London,5,15972
London,6,15978
London,5,15983
London,7,15990
London,3,15993
London,5,15998
London,2,16000
London,3,16003
London,9,16012
London,4,16016
London,10,16026
London,5,16031
London,1,16032
London,6,16038
London,3,16041
London,3,16044
London,5,16049
London,3,16052
London,3,16055
London,6,16061
London,2,16063
London,2,16065
London,1,16066
London,1,16067
London,3,16070
London,2,16072
London,0,16072
London,4,16076
London,4,16080
London,1,16081
London,3,16084
London,5,16089
London,3,16092
London,3,16095
London,2,16097
London,5,16102
London,0,16102
London,1,16103
London,0,16103
London,1,16104
London,2,16106
London,0,16106
London,1,16107
London,1,16108
London,1,16109
London,1,16110
London,2,16112
London,2,16114
London,1,16115
London,0,16115
London,2,16117
London,2,16119
London,1,16120
London,3,16123
London,2,16125
London,1,16126
London,5,16131
London,3,16134
London,0,16134
London,3,16137
London,3,16140
London,2,16142
London,0,16142
London,2,16144
London,2,16146
London,2,16148
London,1,16149
London,4,16153
London,2,16155
London,2,16157
London,3,16160
London,0,16160
London,0,16160
London,2,16162
London,2,16164
London,0,16164
London,1,16165
London,1,16166
London,3,16169
London,6,16175
London,1,16176
London,1,16177
London,1,16178
London,1,16179
London,0,16179
London,2,16181
London,4,16185
London,1,16186
London,2,16188
London,1,16189
London,3,16192
London,5,16197
London,2,16199
London,3,16202
London,4,16206
London,1,16207
London,2,16209
London,1,16210
London,3,16213
London,2,16215
London,1,16216
London,3,16219
London,0,16219
London,2,16221
London,3,16224
London,4,16228
London,3,16231
London,4,16235
London,8,16243
London,6,16249
London,8,16257
London,8,16265
London,7,16272
London,4,16276
London,8,16284
London,7,16291
London,5,16296
London,9,16305
London,3,16308
London,10,16318
London,10,16328
London,11,16339
London,7,16346
London,8,16354
London,10,16364
London,7,16371
London,16,16387
London,14,16401
London,11,16412
London,9,16421
London,9,16430
London,4,16434
London,8,16442
London,15,16457
London,15,16472
London,9,16481
London,13,16494
London,15,16509
London,10,16519
London,10,16529
London,10,16539
London,13,16552
London,19,16571
London,15,16586
London,14,16600
London,11,16611
London,9,16620
London,10,16630
London,17,16647
London,11,16658
London,13,16671
London,10,16681
London,10,16691
London,14,16705
London,11,16716
London,12,16728
London,23,16751
London,8,16759
London,12,16771
London,19,16790
London,14,16804
London,10,16814
London,18,16832
London,9,16841
London,8,16849
London,6,16855
London,6,16861
London,14,16875
London,13,16888
London,13,16901
London,11,16912
London,9,16921
London,6,16927
London,12,16939
London,8,16947
London,17,16964
London,16,16980
London,18,16998
London,11,17009
London,9,17018
London,14,17032
London,13,17045
London,16,17061
London,15,17076
London,17,17093
London,12,17105
London,6,17111
London,12,17123
London,14,17137
London,11,17148
London,9,17157
London,9,17166
London,14,17180
London,10,17190
London,11,17201
London,8,17209
London,7,17216
London,14,17230
London,7,17237
London,8,17245
London,13,17258
London,12,17270
London,10,17280
London,3,17283
London,11,17294
London,10,17304
London,8,17312
London,10,17322
London,13,17335
London,10,17345
London,17,17362
London,12,17374
London,9,17383
London,10,17393
London,12,17405
London,12,17417
London,12,17429
London,10,17439
London,10,17449
London,9,17458
London,14,17472
London,15,17487
London,17,17504
London,6,17510
London,14,17524
London,13,17537
London,10,17547
London,12,17559
London,11,17570
London,11,17581
London,11,17592
London,5,17597
London,6,17603
London,7,17610
London,5,17615
London,5,17620
London,4,17624
London,0,17624
Midlands,0,0
Midlands,0,0
Midlands,0,0
Midlands,1,1
Midlands,0,1
Midlands,0,1
Midlands,0,1
Midlands,0,1
Midlands,2,3
Midlands,1,4
Midlands,0,4
Midlands,2,6
Midlands,6,12
Midlands,5,17
Midlands,4,21
Midlands,5,26
Midlands,11,37
Midlands,8,45
Midlands,13,58
Midlands,8,66
Midlands,28,94
Midlands,13,107
Midlands,31,138
Midlands,33,171
Midlands,41,212
Midlands,48,260
Midlands,64,324
Midlands,72,396
Midlands,89,485
Midlands,92,577
Midlands,90,667
Midlands,124,791
Midlands,140,931
Midlands,142,1073
Midlands,124,1197
Midlands,151,1348
Midlands,166,1514
Midlands,140,1654
Midlands,123,1777
Midlands,187,1964
Midlands,140,2104
Midlands,127,2231
Midlands,142,2373
Midlands,140,2513
Midlands,121,2634
Midlands,116,2750
Midlands,147,2897
Midlands,102,2999
Midlands,118,3117
Midlands,115,3232
Midlands,93,3325
Midlands,108,3433
Midlands,87,3520
Midlands,78,3598
Midlands,103,3701
Midlands,83,3784
Midlands,74,3858
Midlands,87,3945
Midlands,82,4027
Midlands,73,4100
Midlands,60,4160
Midlands,57,4217
Midlands,69,4286
Midlands,55,4341
Midlands,54,4395
Midlands,70,4465
Midlands,61,4526
Midlands,66,4592
Midlands,52,4644
Midlands,41,4685
Midlands,40,4725
Midlands,45,4770
Midlands,35,4805
Midlands,56,4861
Midlands,45,4906
Midlands,41,4947
Midlands,43,4990
Midlands,39,5029
Midlands,33,5062
Midlands,44,5106
Midlands,44,5150
Midlands,37,5187
Midlands,38,5225
Midlands,30,5255
Midlands,36,5291
Midlands,24,5315
Midlands,28,5343
Midlands,33,5376
Midlands,30,5406
Midlands,30,5436
Midlands,24,5460
Midlands,25,5485
Midlands,27,5512
Midlands,23,5535
Midlands,25,5560
Midlands,29,5589
Midlands,19,5608
Midlands,25,5633
Midlands,24,5657
Midlands,21,5678
Midlands,19,5697
Midlands,19,5716
Midlands,21,5737
Midlands,15,5752
Midlands,14,5766
Midlands,8,5774
Midlands,21,5795
Midlands,15,5810
Midlands,17,5827
Midlands,13,5840
Midlands,18,5858
Midlands,13,5871
Midlands,17,5888
Midlands,15,5903
Midlands,15,5918
Midlands,17,5935
Midlands,16,5951
Midlands,19,5970
Midlands,8,5978
Midlands,7,5985
Midlands,7,5992
Midlands,8,6000
Midlands,9,6009
Midlands,8,6017
Midlands,10,6027
Midlands,5,6032
Midlands,4,6036
Midlands,7,6043
Midlands,5,6048
Midlands,4,6052
Midlands,6,6058
Midlands,9,6067
Midlands,5,6072
Midlands,1,6073
Midlands,5,6078
Midlands,1,6079
Midlands,3,6082
Midlands,7,6089
Midlands,2,6091
Midlands,5,6096
Midlands,4,6100
Midlands,3,6103
Midlands,3,6106
Midlands,2,6108
Midlands,2,6110
Midlands,7,6117
Midlands,2,6119
Midlands,4,6123
Midlands,6,6129
Midlands,6,6135
Midlands,1,6136
Midlands,3,6139
Midlands,3,6142
Midlands,3,6145
Midlands,1,6146
Midlands,1,6147
Midlands,2,6149
Midlands,1,6150
Midlands,1,6151
Midlands,0,6151
Midlands,3,6154
Midlands,4,6158
Midlands,0,6158
Midlands,1,6159
Midlands,2,6161
Midlands,1,6162
Midlands,1,6163
Midlands,1,6164
Midlands,2,6166
Midlands,2,6168
Midlands,0,6168
Midlands,1,6169
Midlands,1,6170
Midlands,1,6171
Midlands,1,6172
Midlands,0,6172
Midlands,0,6172
Midlands,0,6172
Midlands,4,6176
Midlands,3,6179
Midlands,3,6182
Midlands,1,6183
Midlands,0,6183
Midlands,2,6185
Midlands,2,6187
Midlands,0,6187
Midlands,2,6189
Midlands,0,6189
Midlands,0,6189
Midlands,0,6189
Midlands,1,6190
Midlands,1,6191
Midlands,3,6194
Midlands,0,6194
Midlands,1,6195
Midlands,3,6198
Midlands,3,6201
Midlands,4,6205
Midlands,1,6206
Midlands,2,6208
Midlands,3,6211
Midlands,3,6214
Midlands,6,6220
Midlands,3,6223
Midlands,7,6230
Midlands,4,6234
Midlands,6,6240
Midlands,10,6250
Midlands,7,6257
Midlands,4,6261
Midlands,5,6266
Midlands,10,6276
Midlands,6,6282
Midlands,4,6286
Midlands,5,6291
Midlands,9,6300
Midlands,7,6307
Midlands,6,6313
Midlands,8,6321
Midlands,6,6327
Midlands,6,6333
Midlands,11,6344
Midlands,8,6352
Midlands,7,6359
Midlands,3,6362
Midlands,16,6378
Midlands,8,6386
Midlands,18,6404
Midlands,15,6419
Midlands,12,6431
Midlands,18,6449
Midlands,27,6476
Midlands,13,6489
Midlands,14,6503
Midlands,21,6524
Midlands,18,6542
Midlands,35,6577
Midlands,34,6611
Midlands,27,6638
Midlands,31,6669
Midlands,34,6703
Midlands,38,6741
Midlands,31,6772
Midlands,43,6815
Midlands,44,6859
Midlands,51,6910
Midlands,46,6956
Midlands,58,7014
Midlands,40,7054
Midlands,67,7121
Midlands,51,7172
Midlands,44,7216
Midlands,60,7276
Midlands,58,7334
Midlands,70,7404
Midlands,69,7473
Midlands,58,7531
Midlands,65,7596
Midlands,49,7645
Midlands,69,7714
Midlands,74,7788
Midlands,69,7857
Midlands,73,7930
Midlands,88,8018
Midlands,80,8098
Midlands,88,8186
Midlands,62,8248
Midlands,84,8332
Midlands,82,8414
Midlands,76,8490
Midlands,78,8568
Midlands,78,8646
Midlands,85,8731
Midlands,84,8815
Midlands,89,8904
Midlands,81,8985
Midlands,78,9063
Midlands,67,9130
Midlands,85,9215
Midlands,69,9284
Midlands,72,9356
Midlands,75,9431
Midlands,70,9501
Midlands,71,9572
Midlands,68,9640
Midlands,79,9719
Midlands,69,9788
Midlands,85,9873
Midlands,83,9956
Midlands,81,10037
Midlands,77,10114
Midlands,76,10190
Midlands,92,10282
Midlands,84,10366
Midlands,63,10429
Midlands,73,10502
Midlands,89,10591
Midlands,77,10668
Midlands,63,10731
Midlands,72,10803
Midlands,84,10887
Midlands,77,10964
Midlands,92,11056
Midlands,67,11123
Midlands,89,11212
Midlands,109,11321
Midlands,94,11415
Midlands,83,11498
Midlands,81,11579
Midlands,76,11655
Midlands,102,11757
Midlands,117,11874
Midlands,118,11992
Midlands,109,12101
Midlands,138,12239
Midlands,145,12384
Midlands,124,12508
Midlands,159,12667
Midlands,166,12833
Midlands,148,12981
Midlands,164,13145
Midlands,139,13284
Midlands,157,13441
Midlands,163,13604
Midlands,167,13771
Midlands,165,13936
Midlands,161,14097
Midlands,164,14261
Midlands,164,14425
Midlands,144,14569
Midlands,175,14744
Midlands,163,14907
Midlands,149,15056
Midlands,152,15208
Midlands,146,15354
Midlands,155,15509
Midlands,132,15641
Midlands,123,15764
Midlands,144,15908
Midlands,138,16046
Midlands,138,16184
Midlands,116,16300
Midlands,118,16418
Midlands,104,16522
Midlands,119,16641
Midlands,109,16750
Midlands,105,16855
Midlands,105,16960
Midlands,97,17057
Midlands,93,17150
Midlands,80,17230
Midlands,96,17326
Midlands,97,17423
Midlands,94,17517
Midlands,75,17592
Midlands,75,17667
Midlands,64,17731
Midlands,77,17808
Midlands,62,17870
Midlands,61,17931
Midlands,69,18000
Midlands,57,18057
Midlands,63,18120
Midlands,46,18166
Midlands,49,18215
Midlands,50,18265
Midlands,46,18311
Midlands,38,18349
Midlands,47,18396
Midlands,34,18430
Midlands,39,18469
Midlands,26,18495
Midlands,22,18517
Midlands,38,18555
Midlands,25,18580
Midlands,29,18609
Midlands,30,18639
Midlands,31,18670
Midlands,25,18695
Midlands,19,18714
Midlands,23,18737
Midlands,18,18755
Midlands,23,18778
Midlands,18,18796
Midlands,12,18808
Midlands,24,18832
Midlands,16,18848
Midlands,20,18868
Midlands,18,18886
Midlands,5,18891
Midlands,12,18903
Midlands,9,18912
Midlands,8,18920
Midlands,5,18925
Midlands,14,18939
Midlands,9,18948
Midlands,12,18960
Midlands,9,18969
Midlands,10,18979
Midlands,8,18987
Midlands,8,18995
Midlands,6,19001
Midlands,9,19010
Midlands,4,19014
Midlands,5,19019
Midlands,7,19026
Midlands,4,19030
Midlands,4,19034
Midlands,6,19040
Midlands,3,19043
Midlands,5,19048
Midlands,5,19053
Midlands,3,19056
Midlands,7,19063
Midlands,8,19071
Midlands,3,19074
Midlands,3,19077
Midlands,3,19080
Midlands,5,19085
Midlands,12,19097
Midlands,1,19098
Midlands,4,19102
Midlands,8,19110
Midlands,2,19112
Midlands,1,19113
Midlands,1,19114
Midlands,2,19116
Midlands,2,19118
Midlands,1,19119
Midlands,5,19124
Midlands,1,19125
Midlands,3,19128
Midlands,1,19129
Midlands,1,19130
Midlands,1,19131
Midlands,0,19131
Midlands,0,19131
Midlands,2,19133
Midlands,2,19135
Midlands,3,19138
Midlands,2,19140
Midlands,3,19143
Midlands,0,19143
Midlands,2,19145
Midlands,2,19147
Midlands,0,19147
Midlands,0,19147
Midlands,2,19149
Midlands,1,19150
Midlands,1,19151
Midlands,2,19153
Midlands,1,19154
Midlands,2,19156
Midlands,2,19158
Midlands,2,19160
Midlands,2,19162
Midlands,1,19163
Midlands,4,19167
Midlands,2,19169
Midlands,3,19172
Midlands,3,19175
Midlands,3,19178
Midlands,1,19179
Midlands,3,19182
Midlands,1,19183
Midlands,2,19185
Midlands,0,19185
Midlands,2,19187
Midlands,1,19188
Midlands,3,19191
Midlands,0,19191
Midlands,5,19196
Midlands,2,19198
Midlands,4,19202
Midlands,1,19203
Midlands,1,19204
Midlands,1,19205
Midlands,2,19207
Midlands,0,19207
Midlands,1,19208
Midlands,1,19209
Midlands,2,19211
Midlands,4,19215
Midlands,1,19216
Midlands,1,19217
Midlands,1,19218
Midlands,3,19221
Midlands,8,19229
Midlands,2,19231
Midlands,3,19234
Midlands,1,19235
Midlands,7,19242
Midlands,5,19247
Midlands,4,19251
Midlands,6,19257
Midlands,3,19260
Midlands,8,19268
Midlands,5,19273
Midlands,5,19278
Midlands,4,19282
Midlands,7,19289
Midlands,6,19295
Midlands,5,19300
Midlands,4,19304
Midlands,6,19310
Midlands,9,19319
Midlands,15,19334
Midlands,4,19338
Midlands,5,19343
Midlands,11,19354
Midlands,13,19367
Midlands,12,19379
Midlands,10,19389
Midlands,4,19393
Midlands,10,19403
Midlands,5,19408
Midlands,6,19414
Midlands,19,19433
Midlands,17,19450
Midlands,18,19468
Midlands,13,19481
Midlands,8,19489
Midlands,15,19504
Midlands,8,19512
Midlands,14,19526
Midlands,19,19545
Midlands,9,19554
Midlands,9,19563
Midlands,11,19574
Midlands,15,19589
Midlands,15,19604
Midlands,23,19627
Midlands,24,19651
Midlands,14,19665
Midlands,13,19678
Midlands,17,19695
Midlands,16,19711
Midlands,12,19723
Midlands,10,19733
Midlands,18,19751
Midlands,23,19774
Midlands,16,19790
Midlands,17,19807
Midlands,19,19826
Midlands,20,19846
Midlands,23,19869
Midlands,28,19897
Midlands,18,19915
Midlands,30,19945
Midlands,17,19962
Midlands,22,19984
Midlands,24,20008
Midlands,18,20026
Midlands,18,20044
Midlands,24,20068
Midlands,19,20087
Midlands,25,20112
Midlands,22,20134
Midlands,30,20164
Midlands,23,20187
Midlands,16,20203
Midlands,25,20228
Midlands,15,20243
Midlands,21,20264
Midlands,20,20284
Midlands,19,20303
Midlands,18,20321
Midlands,21,20342
Midlands,13,20355
Midlands,28,20383
Midlands,26,20409
Midlands,23,20432
Midlands,20,20452
Midlands,15,20467
Midlands,20,20487
Midlands,18,20505
Midlands,16,20521
Midlands,21,20542
Midlands,16,20558
Midlands,12,20570
Midlands,19,20589
Midlands,12,20601
Midlands,9,20610
Midlands,12,20622
Midlands,22,20644
Midlands,14,20658
Midlands,18,20676
Midlands,20,20696
Midlands,22,20718
Midlands,18,20736
Midlands,15,20751
Midlands,22,20773
Midlands,17,20790
Midlands,18,20808
Midlands,17,20825
Midlands,18,20843
Midlands,22,20865
Midlands,21,20886
Midlands,26,20912
Midlands,27,20939
Midlands,13,20952
Midlands,14,20966
Midlands,24,20990
Midlands,27,21017
Midlands,18,21035
Midlands,24,21059
Midlands,24,21083
Midlands,29,21112
Midlands,23,21135
Midlands,19,21154
Midlands,33,21187
Midlands,24,21211
Midlands,26,21237
Midlands,12,21249
Midlands,20,21269
Midlands,26,21295
Midlands,19,21314
Midlands,30,21344
Midlands,19,21363
Midlands,13,21376
Midlands,22,21398
Midlands,26,21424
Midlands,21,21445
Midlands,25,21470
Midlands,16,21486
Midlands,24,21510
Midlands,36,21546
Midlands,11,21557
Midlands,23,21580
Midlands,20,21600
Midlands,16,21616
Midlands,16,21632
Midlands,14,21646
Midlands,2,21648
North East And Yorkshire,0,0
North East And Yorkshire,0,0
North East And Yorkshire,0,0
North East And Yorkshire,0,0
North East And Yorkshire,0,0
North East And Yorkshire,0,0
North East And Yorkshire,0,0
North East And Yorkshire,0,0
North East And Yorkshire,0,0
North East And Yorkshire,0,0
North East And Yorkshire,0,0
North East And Yorkshire,0,0
North East And Yorkshire,0,0
North East And Yorkshire,0,0
North East And Yorkshire,0,0
North East And Yorkshire,2,2
North East And Yorkshire,3,5
North East And Yorkshire,1,6
North East And Yorkshire,2,8
North East And Yorkshire,6,14
North East And Yorkshire,5,19
North East And Yorkshire,6,25
North East And Yorkshire,7,32
North East And Yorkshire,9,41
North East And Yorkshire,8,49
North East And Yorkshire,18,67
North East And Yorkshire,21,88
North East And Yorkshire,28,116
North East And Yorkshire,35,151
North East And Yorkshire,38,189
North East And Yorkshire,64,253
North East And Yorkshire,60,313
North East And Yorkshire,67,380
North East And Yorkshire,75,455
North East And Yorkshire,100,555
North East And Yorkshire,105,660
North East And Yorkshire,92,752
North East And Yorkshire,96,848
North East And Yorkshire,102,950
North East And Yorkshire,108,1058
North East And Yorkshire,111,1169
North East And Yorkshire,117,1286
North East And Yorkshire,98,1384
North East And Yorkshire,84,1468
North East And Yorkshire,94,1562
North East And Yorkshire,107,1669
North East And Yorkshire,96,1765
North East And Yorkshire,103,1868
North East And Yorkshire,88,1956
North East And Yorkshire,95,2051
North East And Yorkshire,88,2139
North East And Yorkshire,100,2239
North East And Yorkshire,76,2315
North East And Yorkshire,84,2399
North East And Yorkshire,63,2462
North East And Yorkshire,73,2535
North East And Yorkshire,69,2604
North East And Yorkshire,65,2669
North East And Yorkshire,67,2736
North East And Yorkshire,61,2797
North East And Yorkshire,73,2870
North East And Yorkshire,61,2931
North East And Yorkshire,69,3000
North East And Yorkshire,53,3053
North East And Yorkshire,42,3095
North East And Yorkshire,51,3146
North East And Yorkshire,44,3190
North East And Yorkshire,56,3246
North East And Yorkshire,48,3294
North East And Yorkshire,46,3340
North East And Yorkshire,45,3385
North East And Yorkshire,41,3426
North East And Yorkshire,34,3460
North East And Yorkshire,28,3488
North East And Yorkshire,31,3519
North East And Yorkshire,32,3551
North East And Yorkshire,35,3586
North East And Yorkshire,37,3623
North East And Yorkshire,27,3650
North East And Yorkshire,34,3684
North East And Yorkshire,29,3713
North East And Yorkshire,24,3737
North East And Yorkshire,36,3773
North East And Yorkshire,27,3800
North East And Yorkshire,18,3818
North East And Yorkshire,30,3848
North East And Yorkshire,22,3870
North East And Yorkshire,21,3891
North East And Yorkshire,24,3915
North East And Yorkshire,27,3942
North East And Yorkshire,27,3969
North East And Yorkshire,23,3992
North East And Yorkshire,21,4013
North East And Yorkshire,17,4030
North East And Yorkshire,26,4056
North East And Yorkshire,26,4082
North East And Yorkshire,19,4101
North East And Yorkshire,20,4121
North East And Yorkshire,22,4143
North East And Yorkshire,14,4157
North East And Yorkshire,13,4170
North East And Yorkshire,15,4185
North East And Yorkshire,20,4205
North East And Yorkshire,7,4212
North East And Yorkshire,11,4223
North East And Yorkshire,11,4234
North East And Yorkshire,12,4246
North East And Yorkshire,11,4257
North East And Yorkshire,11,4268
North East And Yorkshire,10,4278
North East And Yorkshire,11,4289
North East And Yorkshire,7,4296
North East And Yorkshire,6,4302
North East And Yorkshire,6,4308
North East And Yorkshire,7,4315
North East And Yorkshire,9,4324
North East And Yorkshire,11,4335
North East And Yorkshire,4,4339
North East And Yorkshire,9,4348
North East And Yorkshire,4,4352
North East And Yorkshire,6,4358
North East And Yorkshire,3,4361
North East And Yorkshire,7,4368
North East And Yorkshire,2,4370
North East And Yorkshire,6,4376
North East And Yorkshire,5,4381
North East And Yorkshire,5,4386
North East And Yorkshire,5,4391
North East And Yorkshire,2,4393
North East And Yorkshire,3,4396
North East And Yorkshire,4,4400
North East And Yorkshire,0,4400
North East And Yorkshire,4,4404
North East And Yorkshire,2,4406
North East And Yorkshire,4,4410
North East And Yorkshire,2,4412
North East And Yorkshire,4,4416
North East And Yorkshire,4,4420
North East And Yorkshire,3,4423
North East And Yorkshire,1,4424
North East And Yorkshire,2,4426
North East And Yorkshire,2,4428
North East And Yorkshire,1,4429
North East And Yorkshire,1,4430
North East And Yorkshire,8,4438
North East And Yorkshire,1,4439
North East And Yorkshire,1,4440
North East And Yorkshire,6,4446
North East And Yorkshire,2,4448
North East And Yorkshire,2,4450
North East And Yorkshire,2,4452
North East And Yorkshire,4,4456
North East And Yorkshire,0,4456
North East And Yorkshire,1,4457
North East And Yorkshire,3,4460
North East And Yorkshire,2,4462
North East And Yorkshire,1,4463
North East And Yorkshire,3,4466
North East And Yorkshire,1,4467
North East And Yorkshire,4,4471
North East And Yorkshire,0,4471
North East And Yorkshire,2,4473
North East And Yorkshire,3,4476
North East And Yorkshire,4,4480
North East And Yorkshire,3,4483
North East And Yorkshire,2,4485
North East And Yorkshire,0,4485
North East And Yorkshire,1,4486
North East And Yorkshire,2,4488
North East And Yorkshire,0,4488
North East And Yorkshire,6,4494
North East And Yorkshire,2,4496
North East And Yorkshire,0,4496
North East And Yorkshire,0,4496
North East And Yorkshire,4,4500
North East And Yorkshire,1,4501
North East And Yorkshire,3,4504
North East And Yorkshire,0,4504
North East And Yorkshire,2,4506
North East And Yorkshire,2,4508
North East And Yorkshire,1,4509
North East And Yorkshire,1,4510
North East And Yorkshire,1,4511
North East And Yorkshire,0,4511
North East And Yorkshire,0,4511
North East And Yorkshire,2,4513
North East And Yorkshire,4,4517
North East And Yorkshire,1,4518
North East And Yorkshire,2,4520
North East And Yorkshire,2,4522
North East And Yorkshire,2,4524
North East And Yorkshire,0,4524
North East And Yorkshire,2,4526
North East And Yorkshire,2,4528
North East And Yorkshire,0,4528
North East And Yorkshire,4,4532
North East And Yorkshire,1,4533
North East And Yorkshire,4,4537
North East And Yorkshire,4,4541
North East And Yorkshire,3,4544
North East And Yorkshire,3,4547
North East And Yorkshire,6,4553
North East And Yorkshire,6,4559
North East And Yorkshire,2,4561
North East And Yorkshire,9,4570
North East And Yorkshire,7,4577
North East And Yorkshire,5,4582
North East And Yorkshire,6,4588
North East And Yorkshire,4,4592
North East And Yorkshire,5,4597
North East And Yorkshire,7,4604
North East And Yorkshire,11,4615
North East And Yorkshire,6,4621
North East And Yorkshire,8,4629
North East And Yorkshire,7,4636
North East And Yorkshire,8,4644
North East And Yorkshire,16,4660
North East And Yorkshire,12,4672
North East And Yorkshire,14,4686
North East And Yorkshire,10,4696
North East And Yorkshire,15,4711
North East And Yorkshire,14,4725
North East And Yorkshire,18,4743
North East And Yorkshire,12,4755
North East And Yorkshire,17,4772
North East And Yorkshire,16,4788
North East And Yorkshire,15,4803
North East And Yorkshire,21,4824
North East And Yorkshire,21,4845
North East And Yorkshire,23,4868
North East And Yorkshire,25,4893
North East And Yorkshire,35,4928
North East And Yorkshire,24,4952
North East And Yorkshire,34,4986
North East And Yorkshire,40,5026
North East And Yorkshire,45,5071
North East And Yorkshire,34,5105
North East And Yorkshire,32,5137
North East And Yorkshire,37,5174
North East And Yorkshire,35,5209
North East And Yorkshire,48,5257
North East And Yorkshire,45,5302
North East And Yorkshire,39,5341
North East And Yorkshire,53,5394
North East And Yorkshire,49,5443
North East And Yorkshire,63,5506
North East And Yorkshire,48,5554
North East And Yorkshire,53,5607
North East And Yorkshire,51,5658
North East And Yorkshire,60,5718
North East And Yorkshire,60,5778
North East And Yorkshire,60,5838
North East And Yorkshire,78,5916
North East And Yorkshire,65,5981
North East And Yorkshire,89,6070
North East And Yorkshire,70,6140
North East And Yorkshire,61,6201
North East And Yorkshire,78,6279
North East And Yorkshire,82,6361
North East And Yorkshire,73,6434
North East And Yorkshire,81,6515
North East And Yorkshire,55,6570
North East And Yorkshire,68,6638
North East And Yorkshire,88,6726
North East And Yorkshire,73,6799
North East And Yorkshire,77,6876
North East And Yorkshire,58,6934
North East And Yorkshire,82,7016
North East And Yorkshire,89,7105
North East And Yorkshire,82,7187
North East And Yorkshire,75,7262
North East And Yorkshire,69,7331
North East And Yorkshire,64,7395
North East And Yorkshire,80,7475
North East And Yorkshire,62,7537
North East And Yorkshire,60,7597
North East And Yorkshire,46,7643
North East And Yorkshire,62,7705
North East And Yorkshire,77,7782
North East And Yorkshire,70,7852
North East And Yorkshire,51,7903
North East And Yorkshire,71,7974
North East And Yorkshire,52,8026
North East And Yorkshire,55,8081
North East And Yorkshire,51,8132
North East And Yorkshire,58,8190
North East And Yorkshire,63,8253
North East And Yorkshire,56,8309
North East And Yorkshire,56,8365
North East And Yorkshire,52,8417
North East And Yorkshire,57,8474
North East And Yorkshire,41,8515
North East And Yorkshire,56,8571
North East And Yorkshire,64,8635
North East And Yorkshire,52,8687
North East And Yorkshire,58,8745
North East And Yorkshire,42,8787
North East And Yorkshire,67,8854
North East And Yorkshire,63,8917
North East And Yorkshire,52,8969
North East And Yorkshire,61,9030
North East And Yorkshire,70,9100
North East And Yorkshire,81,9181
North East And Yorkshire,71,9252
North East And Yorkshire,65,9317
North East And Yorkshire,45,9362
North East And Yorkshire,57,9419
North East And Yorkshire,73,9492
North East And Yorkshire,62,9554
North East And Yorkshire,53,9607
North East And Yorkshire,69,9676
North East And Yorkshire,66,9742
North East And Yorkshire,63,9805
North East And Yorkshire,78,9883
North East And Yorkshire,74,9957
North East And Yorkshire,59,10016
North East And Yorkshire,84,10100
North East And Yorkshire,84,10184
North East And Yorkshire,75,10259
North East And Yorkshire,83,10342
North East And Yorkshire,76,10418
North East And Yorkshire,103,10521
North East And Yorkshire,103,10624
North East And Yorkshire,79,10703
North East And Yorkshire,88,10791
North East And Yorkshire,111,10902
North East And Yorkshire,97,10999
North East And Yorkshire,92,11091
North East And Yorkshire,83,11174
North East And Yorkshire,77,11251
North East And Yorkshire,67,11318
North East And Yorkshire,83,11401
North East And Yorkshire,77,11478
North East And Yorkshire,74,11552
North East And Yorkshire,78,11630
North East And Yorkshire,89,11719
North East And Yorkshire,80,11799
North East And Yorkshire,89,11888
North East And Yorkshire,84,11972
North East And Yorkshire,77,12049
North East And Yorkshire,84,12133
North East And Yorkshire,76,12209
North East And Yorkshire,85,12294
North East And Yorkshire,54,12348
North East And Yorkshire,62,12410
North East And Yorkshire,56,12466
North East And Yorkshire,60,12526
North East And Yorkshire,65,12591
North East And Yorkshire,73,12664
North East And Yorkshire,68,12732
North East And Yorkshire,59,12791
North East And Yorkshire,65,12856
North East And Yorkshire,67,12923
North East And Yorkshire,53,12976
North East And Yorkshire,54,13030
North East And Yorkshire,52,13082
North East And Yorkshire,46,13128
North East And Yorkshire,42,13170
North East And Yorkshire,46,13216
North East And Yorkshire,26,13242
North East And Yorkshire,41,13283
North East And Yorkshire,36,13319
North East And Yorkshire,33,13352
North East And Yorkshire,31,13383
North East And Yorkshire,36,13419
North East And Yorkshire,32,13451
North East And Yorkshire,26,13477
North East And Yorkshire,20,13497
North East And Yorkshire,32,13529
North East And Yorkshire,22,13551
North East And Yorkshire,32,13583
North East And Yorkshire,31,13614
North East And Yorkshire,22,13636
North East And Yorkshire,24,13660
North East And Yorkshire,25,13685
North East And Yorkshire,19,13704
North East And Yorkshire,16,13720
North East And Yorkshire,19,13739
North East And Yorkshire,16,13755
North East And Yorkshire,14,13769
North East And Yorkshire,16,13785
North East And Yorkshire,14,13799
North East And Yorkshire,12,13811
North East And Yorkshire,11,13822
North East And Yorkshire,9,13831
North East And Yorkshire,14,13845
North East And Yorkshire,11,13856
North East And Yorkshire,8,13864
North East And Yorkshire,16,13880
North East And Yorkshire,4,13884
North East And Yorkshire,7,13891
North East And Yorkshire,12,13903
North East And Yorkshire,6,13909
North East And Yorkshire,5,13914
North East And Yorkshire,10,13924
North East And Yorkshire,7,13931
North East And Yorkshire,8,13939
North East And Yorkshire,5,13944
North East And Yorkshire,3,13947
North East And Yorkshire,3,13950
North East And Yorkshire,6,13956
North East And Yorkshire,2,13958
North East And Yorkshire,6,13964
North East And Yorkshire,6,13970
North East And Yorkshire,11,13981
North East And Yorkshire,5,13986
North East And Yorkshire,4,13990
North East And Yorkshire,5,13995
North East And Yorkshire,9,14004
North East And Yorkshire,8,14012
North East And Yorkshire,4,14016
North East And Yorkshire,8,14024
North East And Yorkshire,4,14028
North East And Yorkshire,7,14035
North East And Yorkshire,1,14036
North East And Yorkshire,2,14038
North East And Yorkshire,6,14044
North East And Yorkshire,5,14049
North East And Yorkshire,4,14053
North East And Yorkshire,1,14054
North East And Yorkshire,2,14056
North East And Yorkshire,2,14058
North East And Yorkshire,1,14059
North East And Yorkshire,2,14061
North East And Yorkshire,3,14064
North East And Yorkshire,0,14064
North East And Yorkshire,3,14067
North East And Yorkshire,2,14069
North East And Yorkshire,3,14072
North East And Yorkshire,2,14074
North East And Yorkshire,1,14075
North East And Yorkshire,6,14081
North East And Yorkshire,1,14082
North East And Yorkshire,3,14085
North East And Yorkshire,3,14088
North East And Yorkshire,3,14091
North East And Yorkshire,0,14091
North East And Yorkshire,2,14093
North East And Yorkshire,8,14101
North East And Yorkshire,1,14102
North East And Yorkshire,0,14102
North East And Yorkshire,2,14104
North East And Yorkshire,1,14105
North East And Yorkshire,2,14107
North East And Yorkshire,1,14108
North East And Yorkshire,1,14109
North East And Yorkshire,0,14109
North East And Yorkshire,1,14110
North East And Yorkshire,0,14110
North East And Yorkshire,0,14110
North East And Yorkshire,1,14111
North East And Yorkshire,0,14111
North East And Yorkshire,2,14113
North East And Yorkshire,0,14113
North East And Yorkshire,2,14115
North East And Yorkshire,0,14115
North East And Yorkshire,2,14117
North East And Yorkshire,1,14118
North East And Yorkshire,0,14118
North East And Yorkshire,2,14120
North East And Yorkshire,1,14121
North East And Yorkshire,1,14122
North East And Yorkshire,1,14123
North East And Yorkshire,2,14125
North East And Yorkshire,0,14125
North East And Yorkshire,1,14126
North East And Yorkshire,0,14126
North East And Yorkshire,1,14127
North East And Yorkshire,3,14130
North East And Yorkshire,0,14130
North East And Yorkshire,1,14131
North East And Yorkshire,0,14131
North East And Yorkshire,2,14133
North East And Yorkshire,0,14133
North East And Yorkshire,0,14133
North East And Yorkshire,0,14133
North East And Yorkshire,2,14135
North East And Yorkshire,3,14138
North East And Yorkshire,2,14140
North East And Yorkshire,3,14143
North East And Yorkshire,0,14143
North East And Yorkshire,2,14145
North East And Yorkshire,0,14145
North East And Yorkshire,1,14146
North East And Yorkshire,5,14151
North East And Yorkshire,3,14154
North East And Yorkshire,3,14157
North East And Yorkshire,1,14158
North East And Yorkshire,5,14163
North East And Yorkshire,2,14165
North East And Yorkshire,6,14171
North East And Yorkshire,1,14172
North East And Yorkshire,0,14172
North East And Yorkshire,4,14176
North East And Yorkshire,2,14178
North East And Yorkshire,5,14183
North East And Yorkshire,7,14190
North East And Yorkshire,3,14193
North East And Yorkshire,5,14198
North East And Yorkshire,2,14200
North East And Yorkshire,12,14212
North East And Yorkshire,8,14220
North East And Yorkshire,11,14231
North East And Yorkshire,8,14239
North East And Yorkshire,6,14245
North East And Yorkshire,12,14257
North East And Yorkshire,21,14278
North East And Yorkshire,12,14290
North East And Yorkshire,11,14301
North East And Yorkshire,7,14308
North East And Yorkshire,12,14320
North East And Yorkshire,13,14333
North East And Yorkshire,12,14345
North East And Yorkshire,16,14361
North East And Yorkshire,13,14374
North East And Yorkshire,18,14392
North East And Yorkshire,16,14408
North East And Yorkshire,14,14422
North East And Yorkshire,18,14440
North East And Yorkshire,11,14451
North East And Yorkshire,13,14464
North East And Yorkshire,17,14481
North East And Yorkshire,11,14492
North East And Yorkshire,25,14517
North East And Yorkshire,15,14532
North East And Yorkshire,16,14548
North East And Yorkshire,14,14562
North East And Yorkshire,13,14575
North East And Yorkshire,15,14590
North East And Yorkshire,15,14605
North East And Yorkshire,20,14625
North East And Yorkshire,15,14640
North East And Yorkshire,19,14659
North East And Yorkshire,13,14672
North East And Yorkshire,13,14685
North East And Yorkshire,15,14700
North East And Yorkshire,16,14716
North East And Yorkshire,17,14733
North East And Yorkshire,18,14751
North East And Yorkshire,16,14767
North East And Yorkshire,19,14786
North East And Yorkshire,17,14803
North East And Yorkshire,20,14823
North East And Yorkshire,9,14832
North East And Yorkshire,8,14840
North East And Yorkshire,23,14863
North East And Yorkshire,18,14881
North East And Yorkshire,21,14902
North East And Yorkshire,16,14918
North East And Yorkshire,27,14945
North East And Yorkshire,15,14960
North East And Yorkshire,15,14975
North East And Yorkshire,23,14998
North East And Yorkshire,17,15015
North East And Yorkshire,24,15039
North East And Yorkshire,20,15059
North East And Yorkshire,13,15072
North East And Yorkshire,15,15087
North East And Yorkshire,23,15110
North East And Yorkshire,28,15138
North East And Yorkshire,15,15153
North East And Yorkshire,17,15170
North East And Yorkshire,13,15183
North East And Yorkshire,25,15208
North East And Yorkshire,22,15230
North East And Yorkshire,26,15256
North East And Yorkshire,17,15273
North East And Yorkshire,12,15285
North East And Yorkshire,22,15307
North East And Yorkshire,26,15333
North East And Yorkshire,17,15350
North East And Yorkshire,20,15370
North East And Yorkshire,17,15387
North East And Yorkshire,24,15411
North East And Yorkshire,13,15424
North East And Yorkshire,16,15440
North East And Yorkshire,14,15454
North East And Yorkshire,12,15466
North East And Yorkshire,24,15490
North East And Yorkshire,19,15509
North East And Yorkshire,16,15525
North East And Yorkshire,13,15538
North East And Yorkshire,17,15555
North East And Yorkshire,14,15569
North East And Yorkshire,10,15579
North East And Yorkshire,12,15591
North East And Yorkshire,18,15609
North East And Yorkshire,24,15633
North East And Yorkshire,15,15648
North East And Yorkshire,12,15660
North East And Yorkshire,16,15676
North East And Yorkshire,20,15696
North East And Yorkshire,27,15723
North East And Yorkshire,22,15745
North East And Yorkshire,26,15771
North East And Yorkshire,21,15792
North East And Yorkshire,15,15807
North East And Yorkshire,15,15822
North East And Yorkshire,19,15841
North East And Yorkshire,27,15868
North East And Yorkshire,21,15889
North East And Yorkshire,24,15913
North East And Yorkshire,23,15936
North East And Yorkshire,23,15959
North East And Yorkshire,24,15983
North East And Yorkshire,18,16001
North East And Yorkshire,29,16030
North East And Yorkshire,24,16054
North East And Yorkshire,14,16068
North East And Yorkshire,24,16092
North East And Yorkshire,29,16121
North East And Yorkshire,15,16136
North East And Yorkshire,27,16163
North East And Yorkshire,24,16187
North East And Yorkshire,23,16210
North East And Yorkshire,20,16230
North East And Yorkshire,23,16253
North East And Yorkshire,21,16274
North East And Yorkshire,16,16290
North East And Yorkshire,17,16307
North East And Yorkshire,17,16324
North East And Yorkshire,23,16347
North East And Yorkshire,19,16366
North East And Yorkshire,21,16387
North East And Yorkshire,17,16404
North East And Yorkshire,13,16417
North East And Yorkshire,18,16435
North East And Yorkshire,12,16447
North East And Yorkshire,22,16469
North East And Yorkshire,16,16485
North East And Yorkshire,14,16499
North East And Yorkshire,8,16507
North East And Yorkshire,13,16520
North East And Yorkshire,1,16521
North West,0,0
North West,0,0
North West,0,0
North West,0,0
North West,0,0
North West,1,1
North West,0,1
North West,0,1
North West,1,2
North West,0,2
North West,0,2
North West,0,2
North West,2,4
North West,3,7
North West,1,8
North West,4,12
North West,2,14
North West,4,18
North West,6,24
North West,7,31
North West,10,41
North West,11,52
North West,13,65
North West,15,80
North West,21,101
North West,21,122
North West,29,151
North West,36,187
North West,28,215
North West,46,261
North West,67,328
North West,52,380
North West,86,466
North West,96,562
North West,95,657
North West,98,755
North West,102,857
North West,100,957
North West,136,1093
North West,127,1220
North West,119,1339
North West,117,1456
North West,139,1595
North West,125,1720
North West,130,1850
North West,131,1981
North West,114,2095
North West,135,2230
North West,98,2328
North West,114,2442
North West,71,2513
North West,83,2596
North West,77,2673
North West,87,2760
North West,85,2845
North West,70,2915
North West,71,2986
North West,57,3043
North West,56,3099
North West,59,3158
North West,69,3227
North West,64,3291
North West,48,3339
North West,57,3396
North West,58,3454
North West,52,3506
North West,51,3557
North West,48,3605
North West,60,3665
North West,48,3713
North West,31,3744
North West,45,3789
North West,38,3827
North West,40,3867
North West,26,3893
North West,31,3924
North West,37,3961
North West,32,3993
North West,26,4019
North West,32,4051
North West,38,4089
North West,30,4119
North West,33,4152
North West,28,4180
North West,35,4215
North West,29,4244
North West,35,4279
North West,30,4309
North West,28,4337
North West,30,4367
North West,22,4389
North West,20,4409
North West,14,4423
North West,12,4435
North West,28,4463
North West,25,4488
North West,22,4510
North West,17,4527
North West,26,4553
North West,21,4574
North West,23,4597
North West,17,4614
North West,21,4635
North West,16,4651
North West,12,4663
North West,10,4673
North West,15,4688
North West,17,4705
North West,17,4722
North West,14,4736
North West,15,4751
North West,7,4758
North West,12,4770
North West,8,4778
North West,12,4790
North West,14,4804
North West,14,4818
North West,15,4833
North West,8,4841
North West,7,4848
North West,9,4857
North West,9,4866
North West,8,4874
North West,6,4880
North West,9,4889
North West,7,4896
North West,5,4901
North West,6,4907
North West,9,4916
North West,8,4924
North West,7,4931
North West,11,4942
North West,2,4944
North West,5,4949
North West,1,4950
North West,7,4957
North West,4,4961
North West,6,4967
North West,5,4972
North West,6,4978
North West,5,4983
North West,3,4986
North West,2,4988
North West,4,4992
North West,3,4995
North West,7,5002
North West,1,5003
North West,3,5006
North West,4,5010
North West,2,5012
North West,3,5015
North West,2,5017
North West,2,5019
North West,1,5020
North West,3,5023
North West,1,5024
North West,8,5032
North West,5,5037
North West,2,5039
North West,4,5043
North West,2,5045
North West,2,5047
North West,4,5051
North West,2,5053
North West,3,5056
North West,2,5058
North West,2,5060
North West,4,5064
North West,7,5071
North West,4,5075
North West,3,5078
North West,2,5080
North West,1,5081
North West,2,5083
North West,4,5087
North West,3,5090
North West,6,5096
North West,4,5100
North West,6,5106
North West,4,5110
North West,1,5111
North West,2,5113
North West,0,5113
North West,2,5115
North West,4,5119
North West,1,5120
North West,2,5122
North West,1,5123
North West,3,5126
North West,6,5132
North West,3,5135
North West,8,5143
North West,6,5149
North West,5,5154
North West,5,5159
North West,2,5161
North West,5,5166
North West,3,5169
North West,5,5174
North West,4,5178
North West,7,5185
North West,8,5193
North West,6,5199
North West,4,5203
North West,3,5206
North West,2,5208
North West,10,5218
North West,17,5235
North West,11,5246
North West,8,5254
North West,17,5271
North West,13,5284
North West,17,5301
North West,16,5317
North West,20,5337
North West,18,5355
North West,22,5377
North West,15,5392
North West,18,5410
North West,17,5427
North West,22,5449
North West,23,5472
North West,23,5495
North West,28,5523
North West,31,5554
North West,32,5586
North West,35,5621
North West,27,5648
North West,35,5683
North West,37,5720
North West,37,5757
North West,56,5813
North West,41,5854
North West,45,5899
North West,51,5950
North West,54,6004
North West,49,6053
North West,53,6106
North West,61,6167
North West,69,6236
North West,57,6293
North West,50,6343
North West,59,6402
North West,78,6480
North West,77,6557
North West,67,6624
North West,77,6701
North West,68,6769
North West,81,6850
North West,67,6917
North West,71,6988
North West,78,7066
North West,80,7146
North West,87,7233
North West,87,7320
North West,72,7392
North West,65,7457
North West,67,7524
North West,87,7611
North West,63,7674
North West,76,7750
North West,79,7829
North West,75,7904
North West,76,7980
North West,71,8051
North West,58,8109
North West,72,8181
North West,57,8238
North West,57,8295
North West,69,8364
North West,67,8431
North West,55,8486
North West,54,8540
North West,52,8592
North West,57,8649
North West,51,8700
North West,60,8760
North West,53,8813
North West,50,8863
North West,51,8914
North West,40,8954
North West,47,9001
North West,54,9055
North West,54,9109
North West,53,9162
North West,50,9212
North West,46,9258
North West,51,9309
North West,44,9353
North West,54,9407
North West,37,9444
North West,43,9487
North West,29,9516
North West,50,9566
North West,47,9613
North West,41,9654
North West,55,9709
North West,55,9764
North West,52,9816
North West,62,9878
North West,52,9930
North West,61,9991
North West,52,10043
North West,51,10094
North West,52,10146
North West,53,10199
North West,66,10265
North West,57,10322
North West,62,10384
North West,59,10443
North West,54,10497
North West,62,10559
North West,73,10632
North West,66,10698
North West,66,10764
North West,74,10838
North West,71,10909
North West,82,10991
North West,70,11061
North West,91,11152
North West,100,11252
North West,89,11341
North West,87,11428
North West,87,11515
North West,96,11611
North West,100,11711
North West,94,11805
North West,90,11895
North West,114,12009
North West,104,12113
North West,101,12214
North West,90,12304
North West,106,12410
North West,112,12522
North West,104,12626
North West,105,12731
North West,81,12812
North West,94,12906
North West,102,13008
North West,85,13093
North West,76,13169
North West,85,13254
North West,70,13324
North West,65,13389
North West,55,13444
North West,78,13522
North West,74,13596
North West,76,13672
North West,73,13745
North West,70,13815
North West,68,13883
North West,58,13941
North West,64,14005
North West,60,14065
North West,56,14121
North West,57,14178
North West,43,14221
North West,36,14257
North West,43,14300
North West,31,14331
North West,39,14370
North West,41,14411
North West,26,14437
North West,41,14478
North West,29,14507
North West,35,14542
North West,35,14577
North West,20,14597
North West,27,14624
North West,17,14641
North West,27,14668
North West,17,14685
North West,26,14711
North West,20,14731
North West,17,14748
North West,17,14765
North West,18,14783
North West,12,14795
North West,11,14806
North West,21,14827
North West,19,14846
North West,16,14862
North West,15,14877
North West,5,14882
North West,14,14896
North West,15,14911
North West,13,14924
North West,12,14936
North West,13,14949
North West,4,14953
North West,11,14964
North West,6,14970
North West,1,14971
North West,8,14979
North West,9,14988
North West,7,14995
North West,7,15002
North West,8,15010
North West,4,15014
North West,4,15018
North West,6,15024
North West,3,15027
North West,1,15028
North West,6,15034
North West,6,15040
North West,7,15047
North West,5,15052
North West,4,15056
North West,7,15063
North West,6,15069
North West,4,15073
North West,1,15074
North West,4,15078
North West,2,15080
North West,1,15081
North West,1,15082
North West,5,15087
North West,5,15092
North West,4,15096
North West,1,15097
North West,3,15100
North West,1,15101
North West,5,15106
North West,3,15109
North West,3,15112
North West,4,15116
North West,0,15116
North West,1,15117
North West,1,15118
North West,0,15118
North West,1,15119
North West,3,15122
North West,1,15123
North West,0,15123
North West,0,15123
North West,1,15124
North West,1,15125
North West,6,15131
North West,0,15131
North West,2,15133
North West,0,15133
North West,1,15134
North West,1,15135
North West,1,15136
North West,1,15137
North West,1,15138
North West,1,15139
North West,3,15142
North West,1,15143
North West,3,15146
North West,3,15149
North West,0,15149
North West,2,15151
North West,4,15155
North West,3,15158
North West,3,15161
North West,1,15162
North West,3,15165
North West,1,15166
North West,2,15168
North West,6,15174
North West,0,15174
North West,3,15177
North West,1,15178
North West,1,15179
North West,3,15182
North West,3,15185
North West,1,15186
North West,4,15190
North West,1,15191
North West,0,15191
North West,6,15197
North West,6,15203
North West,4,15207
North West,1,15208
North West,5,15213
North West,7,15220
North West,8,15228
North West,10,15238
North West,4,15242
North West,4,15246
North West,10,15256
North West,6,15262
North West,1,15263
North West,4,15267
North West,6,15273
North West,4,15277
North West,10,15287
North West,2,15289
North West,14,15303
North West,5,15308
North West,6,15314
North West,8,15322
North West,7,15329
North West,7,15336
North West,11,15347
North West,12,15359
North West,6,15365
North West,11,15376
North West,7,15383
North West,15,15398
North West,8,15406
North West,10,15416
North West,15,15431
North West,10,15441
North West,12,15453
North West,14,15467
North West,13,15480
North West,9,15489
North West,23,15512
North West,9,15521
North West,6,15527
North West,9,15536
North West,18,15554
North West,12,15566
North West,12,15578
North West,13,15591
North West,18,15609
North West,12,15621
North West,14,15635
North West,12,15647
North West,8,15655
North West,13,15668
North West,14,15682
North West,8,15690
North West,16,15706
North West,12,15718
North West,10,15728
North West,13,15741
North West,17,15758
North West,12,15770
North West,9,15779
North West,15,15794
North West,9,15803
North West,9,15812
North West,10,15822
North West,6,15828
North West,15,15843
North West,19,15862
North West,16,15878
North West,10,15888
North West,12,15900
North West,25,15925
North West,9,15934
North West,15,15949
North West,11,15960
North West,13,15973
North West,9,15982
North West,9,15991
North West,17,16008
North West,9,16017
North West,13,16030
North West,17,16047
North West,11,16058
North West,17,16075
North West,14,16089
North West,17,16106
North West,19,16125
North West,17,16142
North West,22,16164
North West,14,16178
North West,12,16190
North West,9,16199
North West,15,16214
North West,20,16234
North West,22,16256
North West,18,16274
North West,18,16292
North West,13,16305
North West,12,16317
North West,12,16329
North West,13,16342
North West,18,16360
North West,10,16370
North West,18,16388
North West,7,16395
North West,6,16401
North West,11,16412
North West,8,16420
North West,13,16433
North West,12,16445
North West,14,16459
North West,18,16477
North West,13,16490
North West,12,16502
North West,12,16514
North West,11,16525
North West,6,16531
North West,12,16543
North West,13,16556
North West,16,16572
North West,10,16582
North West,12,16594
North West,15,16609
North West,16,16625
North West,18,16643
North West,15,16658
North West,17,16675
North West,10,16685
North West,22,16707
North West,25,16732
North West,14,16746
North West,14,16760
North West,20,16780
North West,18,16798
North West,13,16811
North West,12,16823
North West,25,16848
North West,17,16865
North West,23,16888
North West,19,16907
North West,15,16922
North West,10,16932
North West,29,16961
North West,26,16987
North West,6,16993
North West,34,17027
North West,16,17043
North West,21,17064
North West,17,17081
North West,21,17102
North West,15,17117
North West,11,17128
North West,19,17147
North West,13,17160
North West,23,17183
North West,29,17212
North West,18,17230
North West,13,17243
North West,13,17256
North West,12,17268
North West,7,17275
North West,9,17284
North West,1,17285
South East,0,0
South East,0,0
South East,0,0
South East,1,1
South East,0,1
South East,1,2
South East,0,2
South East,0,2
South East,1,3
South East,1,4
South East,1,5
South East,1,6
South East,0,6
South East,1,7
South East,1,8
South East,5,13
South East,8,21
South East,7,28
South East,10,38
South East,9,47
South East,13,60
South East,7,67
South East,25,92
South East,20,112
South East,22,134
South East,29,163
South East,35,198
South East,36,234
South East,36,270
South East,55,325
South East,58,383
South East,65,448
South East,66,514
South East,55,569
South East,74,643
South East,80,723
South East,82,805
South East,88,893
South East,100,993
South East,83,1076
South East,104,1180
South East,88,1268
South East,88,1356
South East,88,1444
South East,84,1528
South East,65,1593
South East,72,1665
South East,56,1721
South East,86,1807
South East,57,1864
South East,70,1934
South East,87,2021
South East,51,2072
South East,54,2126
South East,57,2183
South East,71,2254
South East,56,2310
South East,56,2366
South East,45,2411
South East,48,2459
South East,53,2512
South East,32,2544
South East,42,2586
South East,38,2624
South East,26,2650
South East,38,2688
South East,32,2720
South East,29,2749
South East,29,2778
South East,29,2807
South East,32,2839
South East,24,2863
South East,26,2889
South East,31,2920
South East,22,2942
South East,37,2979
South East,28,3007
South East,27,3034
South East,24,3058
South East,26,3084
South East,13,3097
South East,26,3123
South East,21,3144
South East,20,3164
South East,23,3187
South East,22,3209
South East,16,3225
South East,23,3248
South East,22,3270
South East,14,3284
South East,23,3307
South East,10,3317
South East,15,3332
South East,17,3349
South East,14,3363
South East,19,3382
South East,13,3395
South East,13,3408
South East,10,3418
South East,14,3432
South East,8,3440
South East,11,3451
South East,12,3463
South East,9,3472
South East,9,3481
South East,8,3489
South East,7,3496
South East,9,3505
South East,16,3521
South East,11,3532
South East,4,3536
South East,10,3546
South East,5,3551
South East,3,3554
South East,5,3559
South East,9,3568
South East,8,3576
South East,6,3582
South East,9,3591
South East,9,3600
South East,6,3606
South East,8,3614
South East,7,3621
South East,2,3623
South East,9,3632
South East,5,3637
South East,6,3643
South East,5,3648
South East,4,3652
South East,6,3658
South East,5,3663
South East,7,3670
South East,4,3674
South East,4,3678
South East,6,3684
South East,6,3690
South East,6,3696
South East,6,3702
South East,3,3705
South East,2,3707
South East,6,3713
South East,3,3716
South East,6,3722
South East,4,3726
South East,2,3728
South East,5,3733
South East,1,3734
South East,1,3735
South East,4,3739
South East,2,3741
South East,3,3744
South East,3,3747
South East,3,3750
South East,2,3752
South East,2,3754
South East,4,3758
South East,1,3759
South East,1,3760
South East,0,3760
South East,2,3762
South East,1,3763
South East,3,3766
South East,0,3766
South East,4,3770
South East,2,3772
South East,2,3774
South East,3,3777
South East,0,3777
South East,3,3780
South East,1,3781
South East,0,3781
South East,2,3783
South East,1,3784
South East,0,3784
South East,1,3785
South East,1,3786
South East,1,3787
South East,0,3787
South East,2,3789
South East,0,3789
South East,1,3790
South East,2,3792
South East,1,3793
South East,0,3793
South East,2,3795
South East,2,3797
South East,2,3799
South East,0,3799
South East,2,3801
South East,0,3801
South East,1,3802
South East,0,3802
South East,0,3802
South East,0,3802
South East,2,3804
South East,1,3805
South East,0,3805
South East,3,3808
South East,1,3809
South East,3,3812
South East,3,3815
South East,3,3818
South East,1,3819
South East,1,3820
South East,0,3820
South East,3,3823
South East,0,3823
South East,2,3825
South East,1,3826
South East,3,3829
South East,3,3832
South East,4,3836
South East,6,3842
South East,3,3845
South East,4,3849
South East,5,3854
South East,3,3857
South East,1,3858
South East,1,3859
South East,2,3861
South East,1,3862
South East,4,3866
South East,3,3869
South East,2,3871
South East,4,3875
South East,3,3878
South East,4,3882
South East,5,3887
South East,2,3889
South East,3,3892
South East,2,3894
South East,4,3898
South East,4,3902
South East,8,3910
South East,8,3918
South East,10,3928
South East,6,3934
South East,7,3941
South East,5,3946
South East,10,3956
South East,13,3969
South East,10,3979
South East,11,3990
South East,9,3999
South East,6,4005
South East,16,4021
South East,19,4040
South East,14,4054
South East,17,4071
South East,10,4081
South East,11,4092
South East,18,4110
South East,17,4127
South East,20,4147
South East,22,4169
South East,22,4191
South East,21,4212
South East,20,4232
South East,13,4245
South East,24,4269
South East,26,4295
South East,22,4317
South East,24,4341
South East,26,4367
South East,22,4389
South East,19,4408
South East,23,4431
South East,31,4462
South East,32,4494
South East,26,4520
South East,43,4563
South East,30,4593
South East,33,4626
South East,25,4651
South East,37,4688
South East,25,4713
South East,29,4742
South East,34,4776
South East,40,4816
South East,41,4857
South East,38,4895
South East,35,4930
South East,25,4955
South East,46,5001
South East,44,5045
South East,42,5087
South East,53,5140
South East,43,5183
South East,41,5224
South East,39,5263
South East,53,5316
South East,47,5363
South East,56,5419
South East,50,5469
South East,46,5515
South East,59,5574
South East,68,5642
South East,64,5706
South East,72,5778
South East,57,5835
South East,72,5907
South East,78,5985
South East,79,6064
South East,85,6149
South East,84,6233
South East,94,6327
South East,97,6424
South East,63,6487
South East,97,6584
South East,86,6670
South East,112,6782
South East,110,6892
South East,125,7017
South East,121,7138
South East,128,7266
South East,119,7385
South East,128,7513
South East,132,7645
South East,176,7821
South East,138,7959
South East,146,8105
South East,130,8235
South East,157,8392
South East,170,8562
South East,159,8721
South East,161,8882
South East,145,9027
South East,139,9166
South East,134,9300
South East,130,9430
South East,122,9552
South East,121,9673
South East,138,9811
South East,118,9929
South East,133,10062
South East,113,10175
South East,99,10274
South East,98,10372
South East,100,10472
South East,89,10561
South East,103,10664
South East,68,10732
South East,76,10808
South East,79,10887
South East,71,10958
South East,80,11038
South East,43,11081
South East,56,11137
South East,78,11215
South East,48,11263
South East,41,11304
South East,53,11357
South East,55,11412
South East,44,11456
South East,43,11499
South East,49,11548
South East,49,11597
South East,40,11637
South East,38,11675
South East,33,11708
South East,38,11746
South East,33,11779
South East,38,11817
South East,28,11845
South East,27,11872
South East,18,11890
South East,27,11917
South East,26,11943
South East,22,11965
South East,27,11992
South East,21,12013
South East,16,12029
South East,19,12048
South East,13,12061
South East,17,12078
South East,15,12093
South East,15,12108
South East,14,12122
South East,11,12133
South East,13,12146
South East,14,12160
South East,13,12173
South East,9,12182
South East,9,12191
South East,11,12202
South East,8,12210
South East,4,12214
South East,9,12223
South East,5,12228
South East,9,12237
South East,8,12245
South East,5,12250
South East,4,12254
South East,4,12258
South East,5,12263
South East,4,12267
South East,5,12272
South East,5,12277
South East,6,12283
South East,2,12285
South East,2,12287
South East,3,12290
South East,4,12294
South East,5,12299
South East,5,12304
South East,0,12304
South East,3,12307
South East,1,12308
South East,4,12312
South East,2,12314
South East,3,12317
South East,1,12318
South East,0,12318
South East,2,12320
South East,1,12321
South East,1,12322
South East,5,12327
South East,1,12328
South East,1,12329
South East,1,12330
South East,2,12332
South East,4,12336
South East,0,12336
South East,1,12337
South East,1,12338
South East,2,12340
South East,2,12342
South East,0,12342
South East,3,12345
South East,2,12347
South East,2,12349
South East,1,12350
South East,0,12350
South East,1,12351
South East,2,12353
South East,1,12354
South East,0,12354
South East,1,12355
South East,0,12355
South East,0,12355
South East,2,12357
South East,0,12357
South East,0,12357
South East,0,12357
South East,2,12359
South East,0,12359
South East,1,12360
South East,1,12361
South East,0,12361
South East,1,12362
South East,1,12363
South East,1,12364
South East,0,12364
South East,0,12364
South East,1,12365
South East,0,12365
South East,0,12365
South East,0,12365
South East,0,12365
South East,1,12366
South East,0,12366
South East,0,12366
South East,0,12366
South East,0,12366
South East,0,12366
South East,2,12368
South East,2,12370
South East,3,12373
South East,2,12375
South East,0,12375
South East,2,12377
South East,0,12377
South East,0,12377
South East,0,12377
South East,1,12378
South East,0,12378
South East,0,12378
South East,1,12379
South East,0,12379
South East,1,12380
South East,0,12380
South East,2,12382
South East,4,12386
South East,3,12389
South East,0,12389
South East,0,12389
South East,0,12389
South East,0,12389
South East,1,12390
South East,1,12391
South East,2,12393
South East,1,12394
South East,2,12396
South East,1,12397
South East,1,12398
South East,2,12400
South East,1,12401
South East,1,12402
South East,0,12402
South East,3,12405
South East,0,12405
South East,1,12406
South East,2,12408
South East,2,12410
South East,2,12412
South East,1,12413
South East,6,12419
South East,2,12421
South East,4,12425
South East,2,12427
South East,3,12430
South East,3,12433
South East,5,12438
South East,4,12442
South East,3,12445
South East,9,12454
South East,7,12461
South East,7,12468
South East,5,12473
South East,3,12476
South East,7,12483
South East,3,12486
South East,1,12487
South East,3,12490
South East,9,12499
South East,3,12502
South East,8,12510
South East,3,12513
South East,0,12513
South East,5,12518
South East,4,12522
South East,5,12527
South East,1,12528
South East,8,12536
South East,8,12544
South East,13,12557
South East,6,12563
South East,10,12573
South East,10,12583
South East,5,12588
South East,12,12600
South East,6,12606
South East,7,12613
South East,10,12623
South East,6,12629
South East,8,12637
South East,9,12646
South East,7,12653
South East,8,12661
South East,4,12665
South East,7,12672
South East,5,12677
South East,12,12689
South East,12,12701
South East,13,12714
South East,12,12726
South East,17,12743
South East,12,12755
South East,11,12766
South East,12,12778
South East,10,12788
South East,9,12797
South East,8,12805
South East,6,12811
South East,11,12822
South East,8,12830
South East,8,12838
South East,11,12849
South East,12,12861
South East,5,12866
South East,11,12877
South East,6,12883
South East,6,12889
South East,8,12897
South East,6,12903
South East,8,12911
South East,5,12916
South East,5,12921
South East,9,12930
South East,7,12937
South East,5,12942
South East,4,12946
South East,7,12953
South East,4,12957
South East,4,12961
South East,5,12966
South East,5,12971
South East,3,12974
South East,4,12978
South East,8,12986
South East,6,12992
South East,3,12995
South East,6,13001
South East,10,13011
South East,12,13023
South East,8,13031
South East,7,13038
South East,6,13044
South East,11,13055
South East,8,13063
South East,8,13071
South East,6,13077
South East,13,13090
South East,6,13096
South East,9,13105
South East,11,13116
South East,13,13129
South East,16,13145
South East,12,13157
South East,19,13176
South East,15,13191
South East,15,13206
South East,14,13220
South East,10,13230
South East,10,13240
South East,16,13256
South East,11,13267
South East,12,13279
South East,14,13293
South East,13,13306
South East,13,13319
South East,10,13329
South East,11,13340
South East,11,13351
South East,7,13358
South East,8,13366
South East,9,13375
South East,10,13385
South East,6,13391
South East,8,13399
South East,6,13405
South East,3,13408
South East,7,13415
South East,0,13415
South West,0,0
South West,0,0
South West,0,0
South West,0,0
South West,0,0
South West,0,0
South West,0,0
South West,0,0
South West,0,0
South West,0,0
South West,0,0
South West,1,1
South West,0,1
South West,0,1
South West,1,2
South West,0,2
South West,0,2
South West,2,4
South West,2,6
South West,4,10
South West,3,13
South West,7,20
South West,7,27
South West,8,35
South West,7,42
South West,9,51
South West,11,62
South West,13,75
South West,21,96
South West,18,114
South West,23,137
South West,23,160
South West,21,181
South West,23,204
South West,31,235
South West,42,277
South West,32,309
South West,35,344
South West,39,383
South West,47,430
South West,24,454
South West,46,500
South West,43,543
South West,23,566
South West,28,594
South West,24,618
South West,32,650
South West,29,679
South West,33,712
South West,25,737
South West,31,768
South West,26,794
South West,26,820
South West,23,843
South West,17,860
South West,21,881
South West,16,897
South West,27,924
South West,17,941
South West,18,959
South West,15,974
South West,28,1002
South West,7,1009
South West,7,1016
South West,13,1029
South West,21,1050
South West,19,1069
South West,20,1089
South West,17,1106
South West,8,1114
South West,14,1128
South West,8,1136
South West,10,1146
South West,7,1153
South West,8,1161
South West,8,1169
South West,6,1175
South West,5,1180
South West,10,1190
South West,4,1194
South West,8,1202
South West,2,1204
South West,13,1217
South West,10,1227
South West,7,1234
South West,6,1240
South West,8,1248
South West,11,1259
South West,7,1266
South West,10,1276
South West,7,1283
South West,3,1286
South West,5,1291
South West,8,1299
South West,2,1301
South West,11,1312
South West,3,1315
South West,3,1318
South West,1,1319
South West,3,1322
South West,4,1326
South West,0,1326
South West,1,1327
South West,3,1330
South West,3,1333
South West,3,1336
South West,0,1336
South West,2,1338
South West,5,1343
South West,0,1343
South West,0,1343
South West,1,1344
South West,2,1346
South West,0,1346
South West,1,1347
South West,1,1348
South West,1,1349
South West,0,1349
South West,3,1352
South West,0,1352
South West,0,1352
South West,1,1353
South West,1,1354
South West,0,1354
South West,0,1354
South West,0,1354
South West,1,1355
South West,1,1356
South West,1,1357
South West,1,1358
South West,2,1360
South West,0,1360
South West,1,1361
South West,0,1361
South West,0,1361
South West,1,1362
South West,0,1362
South West,0,1362
South West,1,1363
South West,1,1364
South West,0,1364
South West,0,1364
South West,1,1365
South West,0,1365
South West,0,1365
South West,0,1365
South West,0,1365
South West,0,1365
South West,0,1365
South West,0,1365
South West,0,1365
South West,0,1365
South West,1,1366
South West,0,1366
South West,0,1366
South West,0,1366
South West,0,1366
South West,0,1366
South West,0,1366
South West,0,1366
South West,0,1366
South West,0,1366
South West,0,1366
South West,0,1366
South West,0,1366
South West,0,1366
South West,0,1366
South West,1,1367
South West,0,1367
South West,0,1367
South West,2,1369
South West,0,1369
South West,0,1369
South West,1,1370
South West,0,1370
South West,0,1370
South West,0,1370
South West,0,1370
South West,1,1371
South West,0,1371
South West,1,1372
South West,1,1373
South West,0,1373
South West,0,1373
South West,0,1373
South West,0,1373
South West,0,1373
South West,1,1374
South West,0,1374
South West,0,1374
South West,0,1374
South West,0,1374
South West,1,1375
South West,0,1375
South West,0,1375
South West,0,1375
South West,0,1375
South West,1,1376
South West,0,1376
South West,1,1377
South West,0,1377
South West,1,1378
South West,1,1379
South West,0,1379
South West,1,1380
South West,0,1380
South West,0,1380
South West,0,1380
South West,2,1382
South West,0,1382
South West,0,1382
South West,0,1382
South West,0,1382
South West,0,1382
South West,0,1382
South West,0,1382
South West,1,1383
South West,0,1383
South West,0,1383
South West,0,1383
South West,1,1384
South West,0,1384
South West,1,1385
South West,1,1386
South West,0,1386
South West,4,1390
South West,2,1392
South West,0,1392
South West,3,1395
South West,1,1396
South West,2,1398
South West,8,1406
South West,2,1408
South West,2,1410
South West,3,1413
South West,6,1419
South West,6,1425
South West,5,1430
South West,5,1435
South West,5,1440
South West,7,1447
South West,6,1453
South West,8,1461
South West,11,1472
South West,9,1481
South West,6,1487
South West,5,1492
South West,11,1503
South West,9,1512
South West,9,1521
South West,6,1527
South West,11,1538
South West,10,1548
South West,10,1558
South West,12,1570
South West,6,1576
South West,13,1589
South West,17,1606
South West,10,1616
South West,8,1624
South West,19,1643
South West,19,1662
South West,17,1679
South West,26,1705
South West,15,1720
South West,26,1746
South West,25,1771
South West,26,1797
South West,15,1812
South West,20,1832
South West,25,1857
South West,16,1873
South West,22,1895
South West,36,1931
South West,17,1948
South West,23,1971
South West,19,1990
South West,17,2007
South West,15,2022
South West,21,2043
South West,17,2060
South West,14,2074
South West,16,2090
South West,19,2109
South West,22,2131
South West,23,2154
South West,21,2175
South West,20,2195
South West,20,2215
South West,21,2236
South West,20,2256
South West,10,2266
South West,26,2292
South West,13,2305
South West,22,2327
South West,19,2346
South West,22,2368
South West,14,2382
South West,21,2403
South West,18,2421
South West,20,2441
South West,26,2467
South West,24,2491
South West,22,2513
South West,21,2534
South West,17,2551
South West,29,2580
South West,33,2613
South West,26,2639
South West,29,2668
South West,33,2701
South West,32,2733
South West,28,2761
South West,36,2797
South West,34,2831
South West,28,2859
South West,36,2895
South West,40,2935
South West,56,2991
South West,44,3035
South West,39,3074
South West,51,3125
South West,58,3183
South West,46,3229
South West,48,3277
South West,48,3325
South West,66,3391
South West,65,3456
South West,64,3520
South West,55,3575
South West,60,3635
South West,64,3699
South West,47,3746
South West,51,3797
South West,54,3851
South West,43,3894
South West,40,3934
South West,37,3971
South West,30,4001
South West,39,4040
South West,33,4073
South West,35,4108
South West,29,4137
South West,41,4178
South West,38,4216
South West,34,4250
South West,33,4283
South West,20,4303
South West,22,4325
South West,33,4358
South West,30,4388
South West,22,4410
South West,24,4434
South West,13,4447
South West,21,4468
South West,23,4491
South West,22,4513
South West,17,4530
South West,18,4548
South West,13,4561
South West,10,4571
South West,16,4587
South West,14,4601
South West,8,4609
South West,10,4619
South West,14,4633
South West,15,4648
South West,8,4656
South West,4,4660
South West,7,4667
South West,4,4671
South West,9,4680
South West,2,4682
South West,11,4693
South West,7,4700
South West,6,4706
South West,4,4710
South West,3,4713
South West,6,4719
South West,4,4723
South West,3,4726
South West,3,4729
South West,4,4733
South West,1,4734
South West,3,4737
South West,1,4738
South West,5,4743
South West,2,4745
South West,3,4748
South West,1,4749
South West,3,4752
South West,2,4754
South West,1,4755
South West,1,4756
South West,1,4757
South West,1,4758
South West,2,4760
South West,1,4761
South West,0,4761
South West,2,4763
South West,1,4764
South West,4,4768
South West,0,4768
South West,4,4772
South West,2,4774
South West,2,4776
South West,1,4777
South West,2,4779
South West,2,4781
South West,1,4782
South West,0,4782
South West,0,4782
South West,0,4782
South West,2,4784
South West,1,4785
South West,0,4785
South West,2,4787
South West,3,4790
South West,4,4794
South West,1,4795
South West,0,4795
South West,0,4795
South West,1,4796
South West,1,4797
South West,2,4799
South West,1,4800
South West,2,4802
South West,0,4802
South West,2,4804
South West,1,4805
South West,2,4807
South West,0,4807
South West,0,4807
South West,1,4808
South West,1,4809
South West,1,4810
South West,0,4810
South West,0,4810
South West,0,4810
South West,0,4810
South West,0,4810
South West,1,4811
South West,0,4811
South West,0,4811
South West,0,4811
South West,1,4812
South West,0,4812
South West,1,4813
South West,0,4813
South West,0,4813
South West,0,4813
South West,0,4813
South West,0,4813
South West,0,4813
South West,0,4813
South West,0,4813
South West,1,4814
South West,0,4814
South West,0,4814
South West,0,4814
South West,0,4814
South West,0,4814
South West,0,4814
South West,0,4814
South West,0,4814
South West,0,4814
South West,0,4814
South West,1,4815
South West,0,4815
South West,0,4815
South West,0,4815
South West,0,4815
South West,0,4815
South West,0,4815
South West,0,4815
South West,0,4815
South West,0,4815
South West,1,4816
South West,0,4816
South West,0,4816
South West,0,4816
South West,0,4816
South West,2,4818
South West,0,4818
South West,2,4820
South West,0,4820
South West,1,4821
South West,0,4821
South West,0,4821
South West,1,4822
South West,2,4824
South West,1,4825
South West,0,4825
South West,0,4825
South West,2,4827
South West,0,4827
South West,1,4828
South West,1,4829
South West,1,4830
South West,4,4834
South West,0,4834
South West,2,4836
South West,1,4837
South West,0,4837
South West,5,4842
South West,4,4846
South West,2,4848
South West,0,4848
South West,1,4849
South West,5,4854
South West,8,4862
South West,2,4864
South West,4,4868
South West,1,4869
South West,4,4873
South West,4,4877
South West,1,4878
South West,3,4881
South West,3,4884
South West,6,4890
South West,5,4895
South West,6,4901
South West,4,4905
South West,2,4907
South West,5,4912
South West,4,4916
South West,7,4923
South West,5,4928
South West,5,4933
South West,2,4935
South West,6,4941
South West,2,4943
South West,6,4949
South West,2,4951
South West,3,4954
South West,5,4959
South West,6,4965
South West,7,4972
South West,7,4979
South West,6,4985
South West,10,4995
South West,8,5003
South West,8,5011
South West,6,5017
South West,10,5027
South West,7,5034
South West,8,5042
South West,11,5053
South West,8,5061
South West,5,5066
South West,7,5073
South West,8,5081
South West,6,5087
South West,4,5091
South West,7,5098
South West,12,5110
South West,10,5120
South West,8,5128
South West,9,5137
South West,6,5143
South West,9,5152
South West,5,5157
South West,7,5164
South West,9,5173
South West,6,5179
South West,6,5185
South West,9,5194
South West,9,5203
South West,3,5206
South West,6,5212
South West,2,5214
South West,8,5222
South West,8,5230
South West,9,5239
South West,10,5249
South West,7,5256
South West,8,5264
South West,5,5269
South West,2,5271
South West,9,5280
South West,8,5288
South West,6,5294
South West,6,5300
South West,7,5307
South West,4,5311
South West,4,5315
South West,4,5319
South West,3,5322
South West,7,5329
South West,4,5333
South West,4,5337
South West,5,5342
South West,5,5347
South West,8,5355
South West,9,5364
South West,7,5371
South West,7,5378
South West,6,5384
South West,3,5387
South West,4,5391
South West,10,5401
South West,9,5410
South West,14,5424
South West,3,5427
South West,8,5435
South West,19,5454
South West,10,5464
South West,8,5472
South West,11,5483
South West,7,5490
South West,9,5499
South West,13,5512
South West,11,5523
South West,10,5533
South West,10,5543
South West,12,5555
South West,10,5565
South West,7,5572
South West,7,5579
South West,13,5592
South West,10,5602
South West,7,5609
South West,5,5614
South West,4,5618
South West,8,5626
South West,12,5638
South West,7,5645
South West,7,5652
South West,5,5657
South West,6,5663
South West,6,5669
South West,5,5674
South West,5,5679
South West,1,5680
